<?xml version="1.0" encoding="UTF-8" standalone="no"?>
<!DOCTYPE svg PUBLIC "-//W3C//DTD SVG 20010904//EN"
              "http://www.w3.org/TR/2001/REC-SVG-20010904/DTD/svg10.dtd">

<svg xmlns="http://www.w3.org/2000/svg"
     width="5.3in" height="2.27in"
     viewBox="0 0 1590 681">
  <path id="Selection"
        fill="none" stroke="black" stroke-width="1"
        d="M 277.00,277.00
           C 274.04,277.00 269.74,277.22 267.00,276.30
             252.04,271.26 243.77,250.60 248.04,236.00
             252.23,221.67 264.33,205.80 279.00,201.22
             284.05,199.64 289.74,199.94 295.00,200.00
             301.06,200.07 308.25,201.42 314.00,203.36
             328.82,208.34 339.71,219.32 342.77,235.00
             342.77,235.00 342.77,253.00 342.77,253.00
             342.84,265.97 337.40,278.65 329.84,289.00
             299.59,330.40 236.68,342.11 194.00,313.65
             183.08,306.36 173.63,296.57 167.31,285.00
             158.61,269.05 158.80,256.40 159.00,239.00
             159.27,215.99 173.54,190.49 190.00,175.09
             194.32,171.05 202.11,164.85 207.00,161.44
             208.97,160.06 213.83,157.52 214.77,155.61
             215.72,153.84 215.03,149.97 214.77,148.00
             213.58,140.47 213.01,141.45 213.00,133.00
             212.98,121.39 212.78,116.28 217.06,105.00
             227.84,76.60 254.46,56.37 285.00,55.04
             292.72,54.70 296.58,55.68 304.00,56.92
             313.54,58.51 323.44,61.20 332.00,65.79
             339.72,69.94 349.13,78.84 352.52,87.00
             355.38,93.87 355.08,99.77 355.00,107.00
             354.73,130.01 333.99,150.96 311.00,151.00
             307.43,151.01 302.38,151.21 299.00,150.48
             285.50,147.60 277.17,136.56 277.00,123.00
             276.87,111.96 277.79,102.91 285.53,94.18
             287.70,91.73 297.41,85.63 299.12,91.29
             300.14,94.68 293.25,101.02 291.22,104.00
             285.48,112.44 284.60,125.26 292.10,132.91
             304.93,145.99 328.53,144.36 338.75,129.00
             343.56,121.77 344.04,110.37 342.54,102.00
             337.99,76.75 313.34,63.07 289.00,67.46
             282.67,68.60 275.55,71.66 270.00,74.87
             252.22,85.17 234.33,110.44 231.30,131.00
             230.13,138.95 231.38,144.38 232.00,152.00
             232.00,152.00 242.00,152.00 242.00,152.00
             251.41,152.01 268.79,154.79 273.55,164.02
             275.25,167.33 275.04,171.36 275.00,175.00
             274.80,190.05 263.31,189.13 252.00,189.00
             237.25,188.82 223.23,181.76 217.00,168.00
             217.00,168.00 207.00,175.30 207.00,175.30
             187.90,191.58 177.65,213.14 176.74,238.00
             174.83,290.26 238.16,323.17 284.00,308.98
             295.47,305.42 306.45,299.66 314.83,290.91
             330.62,274.44 337.06,245.34 320.82,227.00
             317.26,222.99 312.71,219.45 308.00,216.90
             293.08,208.83 270.99,212.10 261.56,227.00
             257.83,232.89 257.06,238.92 256.86,245.72
             256.57,255.35 261.19,260.61 268.00,266.91
             272.21,270.80 275.25,271.34 277.00,277.00 Z
           M 914.00,305.00
           C 913.92,307.36 914.12,309.31 912.43,311.21
             910.52,313.36 905.69,315.09 903.00,316.30
             903.00,316.30 885.00,324.45 885.00,324.45
             881.82,325.57 874.08,327.41 872.73,322.77
             871.08,317.11 881.25,312.64 883.93,308.79
             883.93,308.79 891.85,291.00 891.85,291.00
             891.85,291.00 903.99,264.00 903.99,264.00
             903.99,264.00 939.31,166.00 939.31,166.00
             946.70,149.89 956.35,134.99 967.21,121.00
             982.80,100.90 994.41,83.64 1022.00,82.09
             1030.60,81.61 1039.90,85.12 1039.97,95.00
             1039.99,98.05 1039.58,100.40 1037.57,102.82
             1029.75,112.22 1012.53,109.97 1002.00,113.36
             987.11,118.15 972.19,131.91 962.67,144.00
             944.07,167.61 939.70,192.23 931.58,220.00
             927.30,234.61 914.58,273.15 908.69,286.00
             908.69,286.00 897.00,307.00 897.00,307.00
             897.00,307.00 914.00,305.00 914.00,305.00 Z
           M 258.00,178.00
           C 257.62,162.86 246.44,161.57 234.00,161.00
             235.96,172.74 247.10,177.89 258.00,178.00 Z
           M 746.43,213.03
           C 760.00,208.21 751.97,232.26 745.87,234.16
             742.47,235.21 739.32,232.50 739.53,228.98
             739.73,225.76 744.22,215.34 746.43,213.03 Z
           M 664.00,252.00
           C 661.19,251.90 656.02,251.64 657.66,247.21
             659.38,242.55 664.47,246.66 668.37,242.68
             671.82,239.16 676.35,226.72 680.33,223.74
             683.21,221.58 689.71,220.95 689.59,226.06
             689.54,228.44 684.24,241.07 683.00,243.80
             687.31,243.96 697.63,242.19 700.85,243.80
             703.82,244.89 704.43,248.33 702.40,249.98
             700.96,251.14 697.78,250.99 696.00,251.00
             691.89,251.03 682.75,250.77 679.39,253.01
             676.91,254.66 672.73,263.04 670.99,266.00
             664.79,276.55 658.93,287.37 655.00,299.00
             653.95,302.11 651.38,309.94 652.04,312.98
             652.42,314.76 653.40,316.08 654.90,317.08
             660.80,321.01 669.27,311.46 674.00,309.32
             678.78,307.15 681.11,310.58 680.16,314.00
             678.27,320.76 663.69,327.45 657.00,327.90
             651.76,328.26 643.72,326.39 641.60,320.96
             640.86,319.06 640.98,315.13 641.00,313.00
             641.20,295.77 656.94,268.40 664.00,252.00 Z
           M 553.00,256.00
           C 555.88,247.57 560.16,247.55 567.00,243.66
             572.95,240.28 582.46,231.49 586.20,243.02
             586.73,244.66 586.85,246.30 587.00,248.00
             592.50,243.24 601.92,234.51 609.96,237.74
             612.43,238.73 613.86,240.48 614.85,243.02
             614.98,244.47 614.98,246.48 614.85,248.00
             614.85,248.00 614.85,252.00 614.85,252.00
             614.85,264.33 602.76,286.57 596.89,298.00
             595.19,301.31 587.15,314.26 593.30,316.64
             596.09,317.72 600.05,314.54 601.96,312.81
             608.43,306.95 610.01,300.34 619.00,298.00
             622.11,311.24 606.78,326.68 594.00,326.99
             590.06,327.08 585.44,327.34 582.85,323.77
             580.68,320.79 580.96,315.57 581.00,312.00
             581.14,300.13 594.31,277.95 599.42,266.00
             601.25,261.71 606.05,251.70 602.83,247.37
             600.86,244.74 597.89,247.02 596.00,248.49
             591.43,252.04 588.01,257.33 584.64,262.00
             578.77,270.13 570.11,290.15 566.20,300.00
             563.60,306.58 561.77,313.02 557.76,318.98
             552.25,327.18 545.49,325.64 545.45,319.98
             545.41,314.79 551.18,305.65 553.69,301.00
             553.69,301.00 562.15,283.00 562.15,283.00
             566.12,273.69 570.59,261.98 572.00,252.00
             564.34,254.09 561.13,258.23 553.00,256.00 Z
           M 728.00,264.00
           C 725.11,266.78 719.82,272.28 715.99,273.33
             710.78,274.76 708.13,270.72 709.08,267.04
             710.16,262.84 721.27,256.34 725.00,252.91
             725.00,252.91 733.00,245.00 733.00,245.00
             734.99,243.02 738.27,239.42 741.00,238.71
             747.25,237.07 749.17,246.72 748.36,251.00
             747.65,254.70 741.46,263.47 739.32,268.00
             735.26,276.56 731.45,288.82 728.72,298.00
             727.46,302.23 724.12,312.87 727.74,316.39
             730.46,319.03 734.65,316.25 737.00,314.47
             743.44,309.59 747.91,300.31 756.00,299.00
             754.29,311.12 746.94,321.93 736.00,327.67
             729.92,330.86 717.10,331.97 713.17,324.90
             711.63,322.11 711.97,316.27 712.00,313.00
             712.21,295.33 727.12,282.02 728.00,264.00 Z
           M 523.00,303.00
           C 519.04,312.81 506.18,323.32 496.00,326.21
             487.13,328.73 479.36,326.61 476.76,317.00
             475.88,313.74 475.97,310.34 476.00,307.00
             476.22,287.58 492.43,259.48 507.00,247.32
             513.59,241.83 523.81,235.79 531.98,241.65
             534.69,243.59 536.35,245.66 536.85,249.00
             539.73,268.16 509.91,276.71 497.00,284.45
             494.96,285.68 492.18,287.44 490.72,289.32
             487.94,292.93 485.96,304.67 487.60,308.98
             489.95,315.17 497.64,316.22 503.00,313.55
             506.10,312.00 508.54,309.38 511.00,307.00
             512.56,305.49 514.99,302.92 517.00,302.13
             519.46,301.16 520.82,302.07 523.00,303.00 Z
           M 813.00,314.00
           C 804.62,321.28 788.04,337.42 777.50,323.95
             776.21,322.30 775.15,320.01 774.61,318.00
             773.88,315.28 773.97,311.83 774.00,309.00
             774.24,288.03 793.68,264.71 809.00,252.08
             817.43,245.13 824.75,240.14 836.00,240.06
             836.00,240.06 845.00,240.06 845.00,240.06
             847.07,239.95 850.00,239.23 851.85,240.06
             858.46,243.36 852.53,255.42 850.57,260.00
             850.57,260.00 832.69,294.00 832.69,294.00
             829.48,299.94 825.13,306.88 826.15,313.89
             827.67,324.57 840.97,315.95 846.00,313.89
             848.52,312.72 853.03,311.44 852.42,316.06
             851.76,321.15 845.30,324.24 841.00,325.64
             836.18,327.21 832.97,327.06 828.00,327.00
             819.08,326.88 813.55,323.40 813.00,314.00 Z
           M 398.00,240.53
           C 403.54,239.62 415.77,238.26 416.50,246.02
             416.89,247.29 416.71,248.78 416.50,249.98
             411.08,263.62 397.05,247.87 392.72,258.05
             391.55,260.80 391.04,266.93 391.00,270.00
             390.81,286.61 393.17,302.50 382.96,317.00
             380.24,320.86 377.33,324.03 373.00,326.08
             369.09,327.93 366.20,327.98 362.00,328.00
             362.00,328.00 353.00,328.00 353.00,328.00
             349.24,327.95 345.31,327.73 342.21,325.30
             337.96,321.96 336.22,311.62 339.60,307.34
             342.62,303.52 349.45,302.78 354.00,303.04
             358.41,303.30 360.81,304.45 361.79,309.02
             362.46,312.14 362.50,318.89 366.52,319.86
             370.73,320.87 375.81,315.24 377.59,312.00
             383.43,301.33 381.86,277.50 382.00,265.00
             382.14,253.82 386.68,243.91 398.00,240.53 Z
           M 458.00,240.53
           C 463.54,239.62 475.77,238.26 476.50,246.02
             476.89,247.29 476.71,248.78 476.50,249.98
             471.08,263.62 457.05,247.87 452.72,258.05
             451.55,260.80 451.04,266.93 451.00,270.00
             450.81,286.61 453.17,302.50 442.96,317.00
             440.24,320.86 437.33,324.03 433.00,326.08
             429.09,327.93 426.20,327.98 422.00,328.00
             422.00,328.00 413.00,328.00 413.00,328.00
             409.24,327.95 405.31,327.73 402.21,325.30
             397.96,321.96 396.22,311.62 399.60,307.34
             402.62,303.52 409.45,302.78 414.00,303.04
             418.41,303.30 420.81,304.45 421.79,309.02
             422.46,312.14 422.50,318.89 426.52,319.86
             430.73,320.87 435.81,315.24 437.59,312.00
             443.43,301.33 441.86,277.50 442.00,265.00
             442.14,253.82 446.68,243.91 458.00,240.53 Z
           M 683.00,244.00
           C 683.00,244.00 682.00,244.00 682.00,244.00
             682.00,244.00 683.00,245.00 683.00,245.00
             683.00,245.00 683.00,244.00 683.00,244.00 Z
           M 495.00,277.00
           C 503.44,273.37 520.08,267.10 521.95,257.00
             522.98,251.48 518.21,246.83 510.04,252.80
             503.64,257.47 496.81,269.30 495.00,277.00 Z
           M 826.00,254.39
           C 812.35,258.66 794.27,282.11 788.51,295.00
             784.88,303.12 780.73,319.08 796.00,315.47
             801.92,314.07 810.55,306.66 813.81,301.72
             813.81,301.72 820.43,289.00 820.43,289.00
             820.43,289.00 828.67,276.00 828.67,276.00
             830.66,273.00 838.22,262.16 837.91,259.05
             837.38,253.91 829.68,253.93 826.00,254.39 Z
           M 495.00,277.00
           C 495.00,277.00 494.00,277.00 494.00,277.00
             494.00,277.00 495.00,278.00 495.00,278.00
             495.00,278.00 495.00,277.00 495.00,277.00 Z
           M 897.00,307.00
           C 897.00,307.00 896.00,307.00 896.00,307.00
             896.00,307.00 897.00,308.00 897.00,308.00
             897.00,308.00 897.00,307.00 897.00,307.00 Z
           M 370.00,333.14
           C 370.00,333.14 387.00,333.14 387.00,333.14
             387.00,333.14 395.00,333.14 395.00,333.14
             414.79,333.03 436.81,340.99 450.91,355.09
             464.54,368.71 471.52,389.26 474.13,408.00
             479.54,446.88 475.32,495.28 444.00,522.82
             430.45,534.73 408.97,541.97 391.00,542.00
             391.00,542.00 372.00,542.00 372.00,542.00
             364.74,541.91 355.94,540.13 349.00,537.98
             342.47,535.95 334.72,532.64 329.00,528.90
             297.29,508.17 292.60,466.62 293.00,432.00
             293.00,432.00 293.92,422.00 293.92,422.00
             296.44,390.45 308.22,360.30 337.00,343.87
             347.88,337.66 357.85,335.42 370.00,333.14 Z
           M 582.00,333.43
           C 600.05,331.20 620.50,333.50 637.00,341.32
             647.95,346.51 655.82,352.86 654.82,366.00
             654.51,370.00 653.36,376.95 647.98,376.44
             644.93,376.15 632.37,367.05 628.00,364.78
             614.21,357.61 597.12,354.65 582.00,359.04
             545.10,369.74 536.61,410.63 537.00,444.00
             537.30,469.50 547.08,500.65 572.00,512.10
             582.63,516.98 589.75,517.02 601.00,517.00
             613.45,516.98 625.44,512.65 636.00,506.19
             639.88,503.81 647.86,497.30 652.57,499.58
             655.91,501.19 655.04,509.74 655.00,513.00
             654.85,524.83 648.61,527.44 639.00,532.25
             618.97,542.26 606.60,542.25 585.00,542.00
             577.84,541.91 568.77,540.00 562.00,537.66
             550.90,533.82 541.40,528.33 533.04,519.96
             516.04,502.94 507.04,472.71 507.00,449.00
             507.00,449.00 507.00,432.00 507.00,432.00
             507.05,396.78 523.20,357.77 556.00,341.37
             564.15,337.29 573.05,334.89 582.00,333.43 Z
           M 937.00,333.44
           C 951.73,331.55 969.19,333.03 983.00,338.60
             991.85,342.18 997.85,344.43 998.00,355.00
             998.00,355.00 998.00,361.00 998.00,361.00
             997.93,365.89 997.43,370.77 991.00,369.59
             991.00,369.59 969.00,359.44 969.00,359.44
             952.41,353.41 927.84,354.37 919.68,373.00
             918.26,376.26 916.99,381.45 917.21,385.00
             918.52,405.71 943.92,415.92 960.00,423.31
             973.70,429.60 987.72,436.52 997.82,448.00
             1012.25,464.42 1013.71,492.22 1003.13,511.00
             997.90,520.27 992.02,526.33 983.00,531.94
             973.58,537.79 959.10,541.95 948.00,542.00
             948.00,542.00 931.00,542.00 931.00,542.00
             920.42,541.87 906.47,537.91 897.00,533.24
             893.16,531.35 889.13,529.49 886.51,525.96
             884.13,522.75 884.05,519.80 884.00,516.00
             884.00,516.00 884.00,512.00 884.00,512.00
             884.03,506.31 884.39,500.69 892.00,502.42
             895.25,503.16 900.75,506.94 904.00,508.69
             908.67,511.20 913.98,513.21 919.00,514.92
             939.93,522.07 970.77,519.22 978.90,495.00
             980.16,491.25 980.04,487.89 980.00,484.00
             979.74,461.69 951.05,451.52 934.00,443.69
             915.81,435.34 897.71,424.12 891.22,404.00
             888.55,395.75 888.96,391.40 889.00,383.00
             889.07,367.90 895.79,353.84 908.00,344.76
             916.83,338.19 926.34,335.41 937.00,333.44 Z
           M 1465.00,451.00
           C 1465.00,451.00 1440.00,451.00 1440.00,451.00
             1440.00,451.00 1422.00,451.00 1422.00,451.00
             1419.67,450.95 1417.31,451.02 1415.43,449.40
             1411.20,445.79 1411.07,433.19 1414.72,429.60
             1416.70,427.65 1420.41,428.01 1423.00,428.00
             1423.00,428.00 1480.00,428.00 1480.00,428.00
             1491.68,428.06 1492.98,432.34 1493.00,443.00
             1493.00,443.00 1493.00,513.00 1493.00,513.00
             1492.98,528.56 1486.10,529.65 1473.00,534.58
             1452.84,542.16 1436.98,542.24 1416.00,542.00
             1407.78,541.90 1393.72,538.84 1386.00,535.94
             1378.90,533.27 1370.11,528.71 1364.00,524.24
             1340.09,506.75 1327.05,475.21 1327.00,446.00
             1327.00,446.00 1327.00,431.00 1327.00,431.00
             1327.19,414.85 1332.87,394.00 1340.87,380.00
             1352.80,359.14 1370.26,345.16 1393.00,337.67
             1401.65,334.82 1410.89,333.01 1420.00,333.00
             1440.14,332.97 1452.49,332.94 1472.00,340.23
             1478.58,342.69 1489.21,347.20 1491.99,354.00
             1493.26,357.08 1493.04,361.65 1493.00,365.00
             1492.95,368.83 1493.05,374.44 1487.95,374.75
             1483.57,375.01 1474.44,368.60 1470.00,366.48
             1458.47,361.00 1445.84,357.02 1433.00,357.00
             1433.00,357.00 1423.00,357.00 1423.00,357.00
             1407.55,357.07 1392.38,363.89 1381.00,374.17
             1349.19,402.91 1348.07,466.06 1377.09,497.00
             1390.73,511.54 1410.36,518.22 1430.00,518.00
             1437.53,517.91 1448.99,515.56 1456.00,512.80
             1458.73,511.72 1462.42,510.42 1463.98,507.79
             1465.20,505.72 1465.00,502.37 1465.00,500.00
             1465.00,500.00 1465.00,451.00 1465.00,451.00 Z
           M 695.06,335.74
           C 699.10,334.73 714.40,334.03 717.40,336.85
             719.78,339.09 719.00,347.69 719.00,351.00
             719.00,351.00 719.00,389.00 719.00,389.00
             719.00,389.00 719.00,415.00 719.00,415.00
             719.00,415.00 719.00,448.00 719.00,448.00
             719.00,468.84 718.03,489.00 734.01,504.99
             739.41,510.38 743.78,513.21 751.00,515.64
             757.20,517.73 759.55,517.99 766.00,518.00
             766.00,518.00 773.00,518.00 773.00,518.00
             793.73,517.75 810.03,503.92 815.10,484.00
             818.52,470.60 818.00,455.76 818.00,442.00
             818.00,442.00 818.00,384.00 818.00,384.00
             818.00,384.00 818.00,350.00 818.00,350.00
             818.00,346.81 817.26,339.06 819.60,336.85
             822.24,334.37 831.32,334.96 835.00,335.00
             845.70,335.13 845.98,338.30 846.00,348.00
             846.00,348.00 846.00,459.00 846.00,459.00
             846.00,459.00 844.96,469.00 844.96,469.00
             844.96,469.00 844.96,477.00 844.96,477.00
             843.29,492.91 836.92,509.26 825.91,521.00
             813.42,534.31 793.13,541.91 775.00,542.00
             775.00,542.00 758.00,542.00 758.00,542.00
             741.56,541.80 722.84,534.37 711.04,522.91
             691.33,503.78 691.00,476.39 691.00,451.00
             691.00,451.00 691.00,405.00 691.00,405.00
             691.00,405.00 691.00,354.00 691.00,354.00
             691.00,347.85 689.10,339.38 695.06,335.74 Z
           M 1053.06,335.57
           C 1057.68,334.71 1072.05,333.88 1075.26,337.51
             1077.32,339.84 1077.00,344.06 1077.00,347.00
             1077.00,347.00 1077.00,496.00 1077.00,496.00
             1077.00,496.00 1077.00,529.00 1077.00,529.00
             1076.98,532.13 1077.26,535.94 1074.57,538.15
             1071.54,540.62 1062.96,540.04 1059.00,540.00
             1049.82,539.88 1049.02,538.57 1049.00,530.00
             1049.00,530.00 1049.00,383.00 1049.00,383.00
             1049.00,383.00 1049.00,344.00 1049.00,344.00
             1049.03,339.34 1048.53,337.65 1053.06,335.57 Z
           M 1259.00,499.00
           C 1259.00,499.00 1259.00,431.00 1259.00,431.00
             1259.00,431.00 1259.00,387.00 1259.00,387.00
             1259.00,387.00 1259.00,345.00 1259.00,345.00
             1259.00,342.50 1258.64,338.70 1260.60,336.85
             1263.23,334.37 1272.33,334.95 1276.00,335.00
             1278.37,335.04 1281.58,334.96 1283.40,336.74
             1285.34,338.64 1284.99,342.47 1285.00,345.00
             1285.00,345.00 1285.00,491.00 1285.00,491.00
             1285.00,491.00 1285.00,527.00 1285.00,527.00
             1284.93,531.13 1284.46,534.64 1280.81,537.26
             1277.31,539.77 1267.48,539.05 1263.00,539.00
             1258.83,538.95 1255.60,538.71 1252.00,536.30
             1244.33,531.16 1232.92,508.07 1227.86,499.00
             1227.86,499.00 1172.31,399.00 1172.31,399.00
             1172.31,399.00 1157.00,370.00 1157.00,370.00
             1157.00,370.00 1157.00,440.00 1157.00,440.00
             1157.00,440.00 1157.00,485.00 1157.00,485.00
             1157.00,485.00 1157.00,530.00 1157.00,530.00
             1157.00,532.50 1157.36,536.30 1155.40,538.15
             1152.77,540.63 1143.67,540.05 1140.00,540.00
             1137.63,539.96 1134.42,540.04 1132.60,538.26
             1130.66,536.36 1131.01,532.53 1131.00,530.00
             1131.00,530.00 1131.00,381.00 1131.00,381.00
             1131.00,381.00 1131.00,349.00 1131.00,349.00
             1131.02,345.38 1130.85,342.13 1133.43,339.23
             1136.60,335.65 1140.67,336.01 1145.00,336.00
             1145.00,336.00 1158.00,336.00 1158.00,336.00
             1161.52,336.05 1163.86,336.13 1167.00,338.01
             1172.51,341.30 1175.35,346.64 1178.42,352.00
             1178.42,352.00 1191.23,375.00 1191.23,375.00
             1191.23,375.00 1231.69,448.00 1231.69,448.00
             1231.69,448.00 1259.00,499.00 1259.00,499.00 Z
           M 184.00,450.00
           C 184.00,450.00 184.00,492.00 184.00,492.00
             184.00,492.00 184.00,529.00 184.00,529.00
             183.93,542.03 177.46,540.14 166.00,540.00
             163.46,539.97 159.56,539.99 157.60,538.15
             155.64,536.30 156.00,532.50 156.00,530.00
             156.00,530.00 156.00,381.00 156.00,381.00
             156.00,381.00 156.00,349.00 156.00,349.00
             156.01,345.84 155.69,341.97 157.74,339.34
             160.56,335.72 164.90,336.01 169.00,336.00
             169.00,336.00 241.00,336.00 241.00,336.00
             258.28,336.00 262.81,333.73 263.00,345.00
             263.21,357.71 263.04,358.98 253.00,359.00
             253.00,359.00 184.00,359.00 184.00,359.00
             184.00,359.00 184.00,427.00 184.00,427.00
             184.00,427.00 248.00,427.00 248.00,427.00
             250.74,427.01 254.38,426.69 256.57,428.60
             260.05,431.62 260.05,445.38 256.57,448.40
             254.38,450.31 250.74,449.99 248.00,450.00
             248.00,450.00 184.00,450.00 184.00,450.00 Z
           M 374.00,357.29
           C 367.74,358.32 362.74,359.50 357.00,362.37
             332.64,374.55 323.04,403.25 323.00,429.00
             323.00,429.00 323.00,448.00 323.00,448.00
             323.00,448.00 324.92,465.00 324.92,465.00
             328.81,488.52 338.57,507.95 363.00,515.28
             368.01,516.78 375.77,517.94 381.00,518.00
             389.50,518.10 395.74,517.76 404.00,515.28
             408.85,513.82 413.76,511.67 418.00,508.90
             438.75,495.33 445.74,468.44 446.00,445.00
             446.00,445.00 446.00,425.00 446.00,425.00
             445.79,407.43 439.75,383.77 426.83,371.29
             412.65,357.58 392.77,355.51 374.00,357.29 Z" />
</svg>
